6 0.40444444444444444 0.42888888888888876 0.20444444444444443 0.15555555555555556
6 0.6733333333333333 0.33555555555555555 0.14666666666666667 0.1288888888888889
6 0.54 0.29111111111111115 0.1288888888888889 0.1111111111111111
6 0.2511111111111111 0.3533333333333333 0.15555555555555556 0.13777777777777778
3 0.24444444444444444 0.4755555555555555 0.044444444444444446 0.08
3 0.5333333333333333 0.8533333333333334 0.044444444444444446 0.05333333333333334
3 0.14444444444444443 0.42666666666666664 0.08444444444444445 0.08888888888888889
5 0.8688888888888888 0.5022222222222223 0.2088888888888889 0.34666666666666673
5 0.66 0.6333333333333333 0.25333333333333335 0.3688888888888889
5 0.06888888888888889 0.37333333333333335 0.1111111111111111 0.20444444444444443
5 0.3755555555555556 0.28 0.1288888888888889 0.10666666666666667
